Content :

Home
About
Members
Project
Memories
Vision and Mission
Cleaning time
Class Spotify Playlist
SocMed Links

M 33.911945,510.39535
C 9.8658952,499.7727 11.006427,507.40089 11.021632,357.2988 11.037182,203.82232 7.5478292,223.93791 38.977331,196.13825
c 6.898043,-6.10137 49.599103,-43.85054 94.891259,-83.88705 45.29215,-40.0365 87.31899,-77.218023 93.39297,-82.625599 34.07758,-30.33876104 38.7336,-27.946281 159.63207,82.026209 4.74838,4.31924 31.64474,28.10585 59.76971,52.85911 57.21253,50.35373 56.13353,49.31578 60.53678,58.23286 4.64689,9.41047 5.07855,258.29521 0.46515,268.19352 -10.15162,21.78084 -11.20909,22.01788 -98.07206,21.98387 -80.07071,-0.0314 -76.64989,0.29512 -88.41444,-8.43805 -12.27159,-9.10953 -12.64984,-11.68153 -12.64984,-86.01305 0,-81.60009 7.15187,-70.98305 -47.81575,-70.98305 -54.96765,0 -47.81577,-10.61704 -47.81577,70.98305 0,100.66903 6.67774,94.42271 -100.94438,94.42271 -68.702046,0 -72.675585,-0.12716 -78.041085,-2.49743
z

M 178.93304,479.89399
c 1.84369,-1.79437 2.08719,-9.83859 2.08719,-68.9517 0,-80.36379 0.40419,-81.98602 22.90329,-91.92527 11.07243,-4.89139 105.75889,-3.72476 116.36574,1.43372 19.87878,9.66774 20.05267,10.45205 20.08766,90.60825 0.0258,58.98218 0.27355,67.04147 2.11638,68.835 3.1668,3.08206 130.79321,3.08206 133.96002,0 2.23979,-2.17988 3.28752,-241.21866 1.07069,-244.27702 -0.88312,-1.21839 -20.17472,-18.56055 -40.82229,-36.69718
C 432.31861,195.0697 406.01995,171.82203 378.26024,147.2583 350.50054,122.69456 321.51222,97.06955 313.84179,90.31382 306.17134,83.55807 296.90705,75.3334 293.25445,72.03674 258.05248,40.26509 262.48058,41.673837 245.43869,56.82469
c -7.30518,6.49457 -22.24762,19.69081 -33.20539,29.32499 -10.95777,9.63417 -25.9002,22.84765 -33.20538,29.3633 -7.30518,6.51565 -24.04071,21.33015 -37.19004,32.92112 -13.14934,11.59099 -30.17337,26.65367 -37.83119,33.47266 -7.657816,6.81897 -16.623266,14.75243 -19.923226,17.6299 -16.10513,14.04315 -39.31267,34.88217 -40.18113,36.08031 -2.21684,3.05836 -1.16911,242.09714 1.07069,244.27702 3.1668,3.08206 130.793206,3.08206 133.960016,0
z

<svg xmlns="http://www.w3.org/2000/svg" width="24" height="24" viewBox="0 0 24 24" fill="none" stroke="#000000" stroke-width="2" stroke-linecap="round" stroke-linejoin="round"><path d="M12 5v13M5 12l7 7 7-7"/></svg>

<svg xmlns="http://www.w3.org/2000/svg" width="24" height="24" viewBox="0 0 24 24" fill="none" stroke="#000000" stroke-width="2" stroke-linecap="round" stroke-linejoin="round"><path d="M6 9l6 6 6-6"/></svg>